2 threads
0.331784, 0.438190, 0.066464, 0.349897, 
0.679776, 0.816491, 0.137276, 0.683300, 
1.186946, 1.504526, 0.268944, 1.085363, 
2.215597, 2.974514, 0.508081, 1.920804, 
4.487652, 5.746443, 0.984965, 3.451396, 
8.904562, 11.428120, 1.638270, 6.208974, 
4 threads
0.206432, 0.266765, 0.051950, 0.275977, 
0.432048, 0.562107, 0.103018, 0.560900, 
0.843057, 0.994168, 0.164309, 0.784508, 
1.666820, 2.065150, 0.381783, 1.376279, 
2.961381, 3.468229, 0.739939, 2.534691, 
5.602330, 6.953484, 1.266723, 4.523470, 
8 threads
0.140958, 0.172239, 0.034429, 0.183099, 
0.308205, 0.379686, 0.061961, 0.353715, 
0.640577, 0.773794, 0.122508, 0.580584, 
1.277215, 1.583990, 0.228529, 0.946464, 
2.124773, 2.562933, 0.439409, 1.671335, 
4.345600, 5.442025, 0.881071, 3.040652, 
16 threads
0.141309, 0.168162, 0.026947, 0.137649, 
0.280427, 0.308416, 0.050185, 0.247545, 
0.587883, 0.686064, 0.085448, 0.476166, 
1.204963, 1.454221, 0.162890, 0.771388, 
2.091058, 2.474452, 0.313910, 1.294613, 
4.058790, 4.711780, 0.637963, 2.268540, 
